areas	1 2;  1=I_II,2=Lofoten			
size	100000 2000; km2
;
;size	set	arbitrarily 
;
;<year> <step> <area> <temperature>
;
temperature
1982	1	1	3.1			
1982	2	1	3			
1982	3	1	4.3			
1982	4	1	4.4			
1983	1	1	2.9			
1983	2	1	2.5			
1983	3	1	4.3			
1983	4	1	4.9			
1984	1	1	2.7			
1984	2	1	2.7			
1984	3	1	3.9			
1984	4	1	4.6									
1985	1	1	3.1			
1985	2	1	3			
1985	3	1	4.3			
1985	4	1	4.4			
1986	1	1	2.9			
1986	2	1	2.5			
1986	3	1	4.3			
1986	4	1	4.9			
1987	1	1	2.7			
1987	2	1	2.7			
1987	3	1	3.9			
1987	4	1	4.6			
1988	1	1	3.3			
1988	2	1	3			
1988	3	1	4.5			
1988	4	1	4.1			
1989	1	1	2.9			
1989	2	1	3.7			
1989	3	1	5.5			
1989	4	1	5.2			
1990	1	1	4			
1990	2	1	3.9			
1990	3	1	5.4			
1990	4	1	5.4			
1991	1	1	3.9			
1991	2	1	3.7			
1991	3	1	5.3			
1991	4	1	5.1			
1992	1	1	4.2			
1992	2	1	3.9			
1992	3	1	5.1			
1992	4	1	4.8			
1993	1	1	3.9			
1993	2	1	3.4			
1993	3	1	4.8			
1993	4	1	4			
1994	1	1	3.2			
1994	2	1	3.1			
1994	3	1	4.6			
1994	4	1	4.4			
1995	1	1	3.8			
1995	2	1	3.7			
1995	3	1	5.1			
1995	4	1	4.8			
1996	1	1	3			
1996	2	1	2.8			
1996	3	1	4.4			
1996	4	1	4.8			
1997	1	1	2.8			
1997	2	1	2.6			
1997	3	1	4.2			
1997	4	1	4.5			
1998	1	1	2.9			
1998	2	1	2.7			
1998	3	1	4.5			
1998	4	1	4.4			
1999	1	1	3.7			
1999	2	1	3.3			
1999	3	1	4.6			
1999	4	1	4.9			
2000	1	1	4.4			
2000	2	1	3.8			
2000	3	1	5.2			
2000	4	1	5.5			
2001	1	1	4.2			
2001	2	1	3.7			
2001	3	1	5			
2001	4	1	4.8			
2002	1	1	3.6			
2002	2	1	3.6			
2002	3	1	5.5			
2002	4	1	5			
2003	1	1	3.3			
2003	2	1	3.8			
2003	3	1	4.9			
2003	4	1	4.8			
2004	1	1	3.3			
2004	2	1	4			
2004	3	1	4			
2004	4	1	4			
2005	1	1	4	
2005	2	1	4		
2005	3	1	4			
2005	4	1	4	
2006	1	1	4	
2006	2	1	4			
2006	3	1	4			
2006	4	1	4			
2007	1	1	4			
2007	2	1	4			
2007	3	1	4			
2007	4	1	4			
2008	1	1	4			
2008	2	1	4			
2008	3	1	4			
2008	4	1	4			
2009	1	1	4			
2009	2	1	4			
2009	3	1	4			
2009	4	1	4			
2010	1	1	4			
2010	2	1	4			
2010	3	1	4			
2010	4	1	4			
2011	1	1	4			
2011	2	1	4			
2011	3	1	4			
2011	4	1	4			
2012	1	1	4			
2012	2	1	4			
2012	3	1	4			
2012	4	1	4			
2013	1	1	4			
2013	2	1	4			
2013	3	1	4			
2013	4	1	4			
2014	1	1	4			
2014	2	1	4			
2014	3	1	4			
2014	4	1	4			
2015	1	1	4			
2015	2	1	4			
2015	3	1	4			
2015	4	1	4			
2016	1	1	4			
2016	2	1	4			
2016	3	1	4			
2016	4	1	4			
2017	1	1	4			
2017	2	1	4			
2017	3	1	4			
2017	4	1	4			
2018	1	1	4			
2018	2	1	4			
2018	3	1	4			
2018	4	1	4			
2019	1	1	4			
2019	2	1	4			
2019	3	1	4			
2019	4	1	4			
2020	1	1	4			
2020	2	1	4			
2020	3	1	4			
2020	4	1	4			
2021	1	1	4			
2021	2	1	4			
2021	3	1	4			
2021	4	1	4			
2022	1	1	4			
2022	2	1	4			
2022	3	1	4			
2022	4	1	4			
2023	1	1	4			
2023	2	1	4			
2023	3	1	4			
2023	4	1	4			
2024	1	1	4			
2024	2	1	4			
2024	3	1	4			
2024	4	1	4			
2025	1	1	4			
2025	2	1	4			
2025	3	1	4			
2025	4	1	4			
2026	1	1	4			
2026	2	1	4			
2026	3	1	4			
2026	4	1	4			
2027	1	1	4			
2027	2	1	4			
2027	3	1	4			
2027	4	1	4			
2028	1	1	4			
2028	2	1	4			
2028	3	1	4			
2028	4	1	4			
2029	1	1	4			
2029	2	1	4			
2029	3	1	4			
2029	4	1	4			
2030	1	1	4			
2030	2	1	4			
2030	3	1	4			
2030	4	1	4			
2031	1	1	4			
2031	2	1	4			
2031	3	1	4			
2031	4	1	4			
2032	1	1	4			
2032	2	1	4			
2032	3	1	4			
2032	4	1	4			
2033	1	1	4			
2033	2	1	4			
2033	3	1	4			
2033	4	1	4			
2034	1	1	4			
2034	2	1	4			
2034	3	1	4			
2034	4	1	4			
2035	1	1	4			
2035	2	1	4			
2035	3	1	4			
2035	4	1	4			
2036	1	1	4			
2036	2	1	4			
2036	3	1	4			
2036	4	1	4			
2037	1	1	4			
2037	2	1	4			
2037	3	1	4			
2037	4	1	4			
2038	1	1	4			
2038	2	1	4			
2038	3	1	4			
2038	4	1	4			
2039	1	1	4			
2039	2	1	4			
2039	3	1	4			
2039	4	1	4			
2040	1	1	4			
2040	2	1	4			
2040	3	1	4			
2040	4	1	4			
2041	1	1	4			
2041	2	1	4			
2041	3	1	4			
2041	4	1	4			
2042	1	1	4			
2042	2	1	4			
2042	3	1	4			
2042	4	1	4			
2043	1	1	4			
2043	2	1	4			
2043	3	1	4			
2043	4	1	4			
2044	1	1	4			
2044	2	1	4			
2044	3	1	4			
2044	4	1	4			
2045	1	1	4			
2045	2	1	4			
2045	3	1	4			
2045	4	1	4			
2046	1	1	4			
2046	2	1	4			
2046	3	1	4			
2046	4	1	4			
2047	1	1	4			
2047	2	1	4			
2047	3	1	4			
2047	4	1	4			
2048	1	1	4			
2048	2	1	4			
2048	3	1	4			
2048	4	1	4			
2049	1	1	4			
2049	2	1	4			
2049	3	1	4			
2049	4	1	4			
2050	1	1	4			
2050	2	1	4			
2050	3	1	4			
2050	4	1	4
1982	1	2	3.1			
1982	2	2	3			
1982	3	2	4.3			
1982	4	2	4.4			
1983	1	2	2.9			
1983	2	2	2.5			
1983	3	2	4.3			
1983	4	2	4.9			
1984	1	2	2.7			
1984	2	2	2.7			
1984	3	2	3.9			
1984	4	2	4.6
1985	1	2	3.1
1985	2	2	3
1985	3	2	4.3
1985	4	2	4.4
1986	1	2	2.9
1986	2	2	2.5
1986	3	2	4.3
1986	4	2	4.9
1987	1	2	2.7
1987	2	2	2.7
1987	3	2	3.9
1987	4	2	4.6
1988	1	2	3.3
1988	2	2	3
1988	3	2	4.5
1988	4	2	4.1
1989	1	2	2.9
1989	2	2	3.7
1989	3	2	5.5
1989	4	2	5.2
1990	1	2	4
1990	2	2	3.9
1990	3	2	5.4
1990	4	2	5.4
1991	1	2	3.9
1991	2	2	3.7
1991	3	2	5.3
1991	4	2	5.1
1992	1	2	4.2
1992	2	2	3.9
1992	3	2	5.1
1992	4	2	4.8
1993	1	2	3.9
1993	2	2	3.4
1993	3	2	4.8
1993	4	2	4
1994	1	2	3.2
1994	2	2	3.1
1994	3	2	4.6
1994	4	2	4.4
1995	1	2	3.8
1995	2	2	3.7
1995	3	2	5.1
1995	4	2	4.8
1996	1	2	3
1996	2	2	2.8
1996	3	2	4.4
1996	4	2	4.8
1997	1	2	2.8
1997	2	2	2.6
1997	3	2	4.2
1997	4	2	4.5
1998	1	2	2.9
1998	2	2	2.7
1998	3	2	4.5
1998	4	2	4.4
1999	1	2	3.7
1999	2	2	3.3
1999	3	2	4.6
1999	4	2	4.9
2000	1	2	4.4
2000	2	2	3.8
2000	3	2	5.2
2000	4	2	5.5
2001	1	2	4.2
2001	2	2	3.7
2001	3	2	5
2001	4	2	4.8
2002	1	2	3.6
2002	2	2	3.6
2002	3	2	5.5
2002	4	2	5
2003	1	2	3.3
2003	2	2	3.8
2003	3	2	4.9
2003	4	2	4.8
2004	1	2	3.3
2004	2	2	4
2004	3	2	4
2004	4	2	4
2005	1	2	4
2005	2	2	4
2005	3	2	4
2005	4	2	4
2006	1	2	4
2006	2	2	4
2006	3	2	4
2006	4	2	4
2007	1	2	4
2007	2	2	4
2007	3	2	4
2007	4	2	4
2008	1	2	4
2008	2	2	4
2008	3	2	4
2008	4	2	4
2009	1	2	4
2009	2	2	4
2009	3	2	4
2009	4	2	4
2010	1	2	4
2010	2	2	4
2010	3	2	4
2010	4	2	4
2011	1	2	4
2011	2	2	4
2011	3	2	4
2011	4	2	4
2012	1	2	4
2012	2	2	4
2012	3	2	4
2012	4	2	4
2013	1	2	4
2013	2	2	4
2013	3	2	4
2013	4	2	4
2014	1	2	4
2014	2	2	4
2014	3	2	4
2014	4	2	4
2015	1	2	4
2015	2	2	4
2015	3	2	4
2015	4	2	4
2016	1	2	4
2016	2	2	4
2016	3	2	4
2016	4	2	4
2017	1	2	4
2017	2	2	4
2017	3	2	4
2017	4	2	4
2018	1	2	4
2018	2	2	4
2018	3	2	4
2018	4	2	4
2019	1	2	4
2019	2	2	4
2019	3	2	4
2019	4	2	4
2020	1	2	4
2020	2	2	4
2020	3	2	4
2020	4	2	4
2021	1	2	4
2021	2	2	4
2021	3	2	4
2021	4	2	4
2022	1	2	4
2022	2	2	4
2022	3	2	4
2022	4	2	4
2023	1	2	4
2023	2	2	4
2023	3	2	4
2023	4	2	4
2024	1	2	4
2024	2	2	4
2024	3	2	4
2024	4	2	4
2025	1	2	4
2025	2	2	4
2025	3	2	4
2025	4	2	4
2026	1	2	4
2026	2	2	4
2026	3	2	4
2026	4	2	4
2027	1	2	4
2027	2	2	4
2027	3	2	4
2027	4	2	4
2028	1	2	4
2028	2	2	4
2028	3	2	4
2028	4	2	4
2029	1	2	4
2029	2	2	4
2029	3	2	4
2029	4	2	4
2030	1	2	4
2030	2	2	4
2030	3	2	4
2030	4	2	4
2031	1	2	4
2031	2	2	4
2031	3	2	4
2031	4	2	4
2032	1	2	4
2032	2	2	4
2032	3	2	4
2032	4	2	4
2033	1	2	4
2033	2	2	4
2033	3	2	4
2033	4	2	4
2034	1	2	4
2034	2	2	4
2034	3	2	4
2034	4	2	4
2035	1	2	4
2035	2	2	4
2035	3	2	4
2035	4	2	4
2036	1	2	4
2036	2	2	4
2036	3	2	4
2036	4	2	4
2037	1	2	4
2037	2	2	4
2037	3	2	4
2037	4	2	4
2038	1	2	4
2038	2	2	4
2038	3	2	4
2038	4	2	4
2039	1	2	4
2039	2	2	4
2039	3	2	4
2039	4	2	4
2040	1	2	4
2040	2	2	4
2040	3	2	4
2040	4	2	4
2041	1	2	4
2041	2	2	4
2041	3	2	4
2041	4	2	4
2042	1	2	4
2042	2	2	4
2042	3	2	4
2042	4	2	4
2043	1	2	4
2043	2	2	4
2043	3	2	4
2043	4	2	4
2044	1	2	4
2044	2	2	4
2044	3	2	4
2044	4	2	4
2045	1	2	4
2045	2	2	4
2045	3	2	4
2045	4	2	4
2046	1	2	4
2046	2	2	4
2046	3	2	4
2046	4	2	4
2047	1	2	4
2047	2	2	4
2047	3	2	4
2047	4	2	4
2048	1	2	4
2048	2	2	4
2048	3	2	4
2048	4	2	4
2049	1	2	4
2049	2	2	4
2049	3	2	4
2049	4	2	4
2050	1	2	4
2050	2	2	4
2050	3	2	4
2050	4	2	4			
