; otherfood biomass 
;
;<year> <step> <area> 	<food name> 	<amount>
1988	1	1	otherfood	500000000
1988	2	1	otherfood	500000000
1988	3	1	otherfood	500000000
1988	4	1	otherfood	500000000
1989	1	1	otherfood	500000000
1989	2	1	otherfood	500000000
1989	3	1	otherfood	500000000
1989	4	1	otherfood	500000000
1990	1	1	otherfood	500000000
1990	2	1	otherfood	500000000
1990	3	1	otherfood	500000000
1990	4	1	otherfood	500000000
1991	1	1	otherfood	500000000
1991	2	1	otherfood	500000000
1991	3	1	otherfood	500000000
1991	4	1	otherfood	500000000
1992	1	1	otherfood	500000000
1992	2	1	otherfood	500000000
1992	3	1	otherfood	500000000
1992	4	1	otherfood	500000000
1993	1	1	otherfood	500000000
1993	2	1	otherfood	500000000
1993	3	1	otherfood	500000000
1993	4	1	otherfood	500000000
1994	1	1	otherfood	500000000
1994	2	1	otherfood	500000000
1994	3	1	otherfood	500000000
1994	4	1	otherfood	500000000
1995	1	1	otherfood	500000000
1995	2	1	otherfood	500000000
1995	3	1	otherfood	500000000
1995	4	1	otherfood	500000000
1996	1	1	otherfood	500000000
1996	2	1	otherfood	500000000
1996	3	1	otherfood	500000000
1996	4	1	otherfood	500000000
1997	1	1	otherfood	500000000
1997	2	1	otherfood	500000000
1997	3	1	otherfood	500000000
1997	4	1	otherfood	500000000
1998	1	1	otherfood	500000000
1998	2	1	otherfood	500000000
1998	3	1	otherfood	500000000
1998	4	1	otherfood	500000000
1999	1	1	otherfood	500000000
1999	2	1	otherfood	500000000
1999	3	1	otherfood	500000000
1999	4	1	otherfood	500000000
2000	1	1	otherfood	500000000
2000	2	1	otherfood	500000000
2000	3	1	otherfood	500000000
2000	4	1	otherfood	500000000
2001	1	1	otherfood	500000000
2001	2	1	otherfood	500000000
2001	3	1	otherfood	500000000
2001	4	1	otherfood	500000000
2002	1	1	otherfood	500000000
2002	2	1	otherfood	500000000
2002	3	1	otherfood	500000000
2002	4	1	otherfood	500000000
2003	1	1	otherfood	500000000
2003	2	1	otherfood	500000000
2003	3	1	otherfood	500000000
2003	4	1	otherfood	500000000
2004	1	1	otherfood	500000000
2004	2	1	otherfood	500000000
2004	3	1	otherfood	500000000
2004	4	1	otherfood	500000000
2005	1	1	otherfood	500000000
2005	2	1	otherfood	500000000
2005	3	1	otherfood	500000000
2005	4	1	otherfood	500000000
2006	1	1	otherfood	500000000
2006	2	1	otherfood	500000000
2006	3	1	otherfood	500000000
2006	4	1	otherfood	500000000
2007	1	1	otherfood	500000000
2007	2	1	otherfood	500000000
2007	3	1	otherfood	500000000
2007	4	1	otherfood	500000000
2008	1	1	otherfood	500000000
2008	2	1	otherfood	500000000
2008	3	1	otherfood	500000000
2008	4	1	otherfood	500000000
2009	1	1	otherfood	500000000
2009	2	1	otherfood	500000000
2009	3	1	otherfood	500000000
2009	4	1	otherfood	500000000
2010	1	1	otherfood	500000000
2010	2	1	otherfood	500000000
2010	3	1	otherfood	500000000
2010	4	1	otherfood	500000000
2011	1	1	otherfood	500000000
2011	2	1	otherfood	500000000
2011	3	1	otherfood	500000000
2011	4	1	otherfood	500000000
2012	1	1	otherfood	500000000
2012	2	1	otherfood	500000000
2012	3	1	otherfood	500000000
2012	4	1	otherfood	500000000
2013	1	1	otherfood	500000000
2013	2	1	otherfood	500000000
2013	3	1	otherfood	500000000
2013	4	1	otherfood	500000000
2014	1	1	otherfood	500000000
2014	2	1	otherfood	500000000
2014	3	1	otherfood	500000000
2014	4	1	otherfood	500000000
2015	1	1	otherfood	500000000
2015	2	1	otherfood	500000000
2015	3	1	otherfood	500000000
2015	4	1	otherfood	500000000
2016	1	1	otherfood	500000000
2016	2	1	otherfood	500000000
2016	3	1	otherfood	500000000
2016	4	1	otherfood	500000000
2017	1	1	otherfood	500000000
2017	2	1	otherfood	500000000
2017	3	1	otherfood	500000000
2017	4	1	otherfood	500000000
2018	1	1	otherfood	500000000
2018	2	1	otherfood	500000000
2018	3	1	otherfood	500000000
2018	4	1	otherfood	500000000
2019	1	1	otherfood	500000000
2019	2	1	otherfood	500000000
2019	3	1	otherfood	500000000
2019	4	1	otherfood	500000000
2020	1	1	otherfood	500000000
2020	2	1	otherfood	500000000
2020	3	1	otherfood	500000000
2020	4	1	otherfood	500000000
2021	1	1	otherfood	500000000
2021	2	1	otherfood	500000000
2021	3	1	otherfood	500000000
2021	4	1	otherfood	500000000
2022	1	1	otherfood	500000000
2022	2	1	otherfood	500000000
2022	3	1	otherfood	500000000
2022	4	1	otherfood	500000000
2023	1	1	otherfood	500000000
2023	2	1	otherfood	500000000
2023	3	1	otherfood	500000000
2023	4	1	otherfood	500000000
2024	1	1	otherfood	500000000
2024	2	1	otherfood	500000000
2024	3	1	otherfood	500000000
2024	4	1	otherfood	500000000
2025	1	1	otherfood	500000000
2025	2	1	otherfood	500000000
2025	3	1	otherfood	500000000
2025	4	1	otherfood	500000000
2026	1	1	otherfood	500000000
2026	2	1	otherfood	500000000
2026	3	1	otherfood	500000000
2026	4	1	otherfood	500000000
2027	1	1	otherfood	500000000
2027	2	1	otherfood	500000000
2027	3	1	otherfood	500000000
2027	4	1	otherfood	500000000
2028	1	1	otherfood	500000000
2028	2	1	otherfood	500000000
2028	3	1	otherfood	500000000
2028	4	1	otherfood	500000000
2029	1	1	otherfood	500000000
2029	2	1	otherfood	500000000
2029	3	1	otherfood	500000000
2029	4	1	otherfood	500000000
2030	1	1	otherfood	500000000
2030	2	1	otherfood	500000000
2030	3	1	otherfood	500000000
2030	4	1	otherfood	500000000
2031	1	1	otherfood	500000000
2031	2	1	otherfood	500000000
2031	3	1	otherfood	500000000
2031	4	1	otherfood	500000000
2032	1	1	otherfood	500000000
2032	2	1	otherfood	500000000
2032	3	1	otherfood	500000000
2032	4	1	otherfood	500000000
2033	1	1	otherfood	500000000
2033	2	1	otherfood	500000000
2033	3	1	otherfood	500000000
2033	4	1	otherfood	500000000
2034	1	1	otherfood	500000000
2034	2	1	otherfood	500000000
2034	3	1	otherfood	500000000
2034	4	1	otherfood	500000000
2035	1	1	otherfood	500000000
2035	2	1	otherfood	500000000
2035	3	1	otherfood	500000000
2035	4	1	otherfood	500000000
2036	1	1	otherfood	500000000
2036	2	1	otherfood	500000000
2036	3	1	otherfood	500000000
2036	4	1	otherfood	500000000
2037	1	1	otherfood	500000000
2037	2	1	otherfood	500000000
2037	3	1	otherfood	500000000
2037	4	1	otherfood	500000000
2038	1	1	otherfood	500000000
2038	2	1	otherfood	500000000
2038	3	1	otherfood	500000000
2038	4	1	otherfood	500000000
2039	1	1	otherfood	500000000
2039	2	1	otherfood	500000000
2039	3	1	otherfood	500000000
2039	4	1	otherfood	500000000
2040	1	1	otherfood	500000000
2040	2	1	otherfood	500000000
2040	3	1	otherfood	500000000
2040	4	1	otherfood	500000000
2041	1	1	otherfood	500000000
2041	2	1	otherfood	500000000
2041	3	1	otherfood	500000000
2041	4	1	otherfood	500000000
2042	1	1	otherfood	500000000
2042	2	1	otherfood	500000000
2042	3	1	otherfood	500000000
2042	4	1	otherfood	500000000
2043	1	1	otherfood	500000000
2043	2	1	otherfood	500000000
2043	3	1	otherfood	500000000
2043	4	1	otherfood	500000000
2044	1	1	otherfood	500000000
2044	2	1	otherfood	500000000
2044	3	1	otherfood	500000000
2044	4	1	otherfood	500000000
2045	1	1	otherfood	500000000
2045	2	1	otherfood	500000000
2045	3	1	otherfood	500000000
2045	4	1	otherfood	500000000
2046	1	1	otherfood	500000000
2046	2	1	otherfood	500000000
2046	3	1	otherfood	500000000
2046	4	1	otherfood	500000000
2047	1	1	otherfood	500000000
2047	2	1	otherfood	500000000
2047	3	1	otherfood	500000000
2047	4	1	otherfood	500000000
2048	1	1	otherfood	500000000
2048	2	1	otherfood	500000000
2048	3	1	otherfood	500000000
2048	4	1	otherfood	500000000
2049	1	1	otherfood	500000000
2049	2	1	otherfood	500000000
2049	3	1	otherfood	500000000
2049	4	1	otherfood	500000000
2050	1	1	otherfood	500000000
2050	2	1	otherfood	500000000
2050	3	1	otherfood	500000000
2050	4	1	otherfood	500000000
